350.000000 50.000000
349.600704 49.500253
349.204421 49.003016
348.811149 48.508289
348.420890 48.016072
348.033642 47.526365
347.649407 47.039169
347.268184 46.554482
346.889972 46.072305
346.514773 45.592638
346.142586 45.115481
345.773411 44.640835
345.407247 44.168698
345.044096 43.699071
344.683957 43.231955
344.326830 42.767348
343.972715 42.305252
343.621612 41.845665
343.273521 41.388589
342.928442 40.934022
342.586375 40.481966
342.247320 40.032420
341.911277 39.585383
341.578247 39.140857
341.248228 38.698841
340.921221 38.259334
340.597227 37.822338
340.276244 37.387852
339.958273 36.955876
339.643315 36.526410
339.331368 36.099453
339.022434 35.675007
338.716511 35.253071
338.413601 34.833645
338.113702 34.416729
337.816816 34.002323
337.522942 33.590427
337.232079 33.181041
336.944229 32.774166
336.659391 32.369800
336.377565 31.967944
336.098751 31.568598
335.822949 31.171762
335.550158 30.777437
335.280380 30.385621
335.013614 29.996315
334.749860 29.609520
334.489119 29.225234
334.231389 28.843458
333.976671 28.464193
333.724965 28.087437
333.476271 27.713192
333.230589 27.341456
332.987920 26.972231
332.748262 26.605516
332.511616 26.241310
332.277983 25.879615
332.047361 25.520430
331.819752 25.163754
331.595154 24.809589
331.373569 24.457934
331.154995 24.108789
330.939434 23.762154
330.726885 23.418028
330.517347 23.076413
330.310822 22.737308
330.107309 22.400713
329.906808 22.066628
329.709318 21.735053
329.514841 21.405988
329.323376 21.079433
329.134923 20.755389
328.949482 20.433854
328.767053 20.114829
328.587636 19.798314
328.411231 19.484309
328.237838 19.172815
328.067458 18.863830
327.900089 18.557355
327.735732 18.253391
327.574387 17.951936
327.416055 17.652991
327.260734 17.356557
327.108425 17.062632
326.959129 16.771218
326.812844 16.482313
326.669572 16.195919
326.529311 15.912034
326.392063 15.630660
326.257826 15.351796
326.126602 15.075441
325.998390 14.801597
325.873189 14.530263
325.751001 14.261439
325.631825 13.995125
325.515661 13.731320
325.402508 13.470026
325.292368 13.211242
325.185240 12.954968
325.081124 12.701204
324.979940 12.449900
324.879037 12.199399
324.777129 11.948898
324.674218 11.698397
324.570303 11.447896
324.465384 11.197395
324.359460 10.946894
324.252533 10.696393
324.144602 10.445892
324.035667 10.195391
323.925727 9.944890
323.814784 9.694389
323.702837 9.443888
323.589885 9.193387
323.475930 8.942886
323.360970 8.692385
323.245007 8.441884
323.128040 8.191383
323.010068 7.940882
322.891093 7.690381
322.771113 7.439880
322.650130 7.189379
322.528142 6.938878
322.405151 6.688377
322.281155 6.437876
322.156156 6.187375
322.030152 5.936874
321.903145 5.686373
321.775133 5.435872
321.646118 5.185371
321.516098 4.934870
321.385075 4.684369
321.253047 4.433868
321.120016 4.183367
320.985980 3.932866
320.850940 3.682365
320.714897 3.431864
320.577849 3.181363
320.439797 2.930862
320.300742 2.680361
320.160682 2.429860
320.019618 2.179359
319.877551 1.928858
319.734479 1.678357
319.590403 1.427856
319.445324 1.177355
319.299240 0.926854
319.152152 0.676353
319.004060 0.425852
318.854964 0.175351
318.704865 -0.075150
318.553761 -0.325651
318.401653 -0.576152
318.248541 -0.826653
318.094425 -1.077154
317.939305 -1.327655
317.783182 -1.578156
317.626054 -1.828657
317.467922 -2.079158
317.308786 -2.329659
317.148646 -2.580160
316.987502 -2.830661
316.825354 -3.081162
316.662202 -3.331663
316.498046 -3.582164
316.332886 -3.832665
316.166722 -4.083166
315.999554 -4.333667
315.831382 -4.584168
315.662206 -4.834669
315.492026 -5.085170
315.320842 -5.335671
315.148654 -5.586172
314.975462 -5.836673
314.801266 -6.087174
314.626066 -6.337675
314.449862 -6.588176
314.272654 -6.838677
314.094441 -7.089178
313.915225 -7.339679
313.735005 -7.590180
313.553781 -7.840681
313.371553 -8.091182
313.188321 -8.341683
313.004084 -8.592184
312.818844 -8.842685
312.632600 -9.093186
312.445352 -9.343687
312.257099 -9.594188
312.067843 -9.844689
311.877583 -10.095190
311.686319 -10.345691
311.494050 -10.596192
311.300778 -10.846693
311.106502 -11.097194
310.911221 -11.347695
310.714937 -11.598196
310.517649 -11.848697
310.319356 -12.099198
310.120060 -12.349699
309.919840 -12.599799
309.719439 -12.845782
309.519038 -13.086745
309.318637 -13.322687
309.118236 -13.553610
308.917836 -13.779513
308.717435 -14.000396
308.517034 -14.216258
308.316633 -14.427101
308.116232 -14.632923
307.915832 -14.833726
307.715431 -15.029508
307.515030 -15.220270
307.314629 -15.406012
307.114228 -15.586735
306.913828 -15.762437
306.713427 -15.933119
306.513026 -16.098781
306.312625 -16.259423
306.112224 -16.415045
305.911824 -16.565646
305.711423 -16.711228
305.511022 -16.851790
305.310621 -16.987331
305.110220 -17.117853
304.909820 -17.243354
304.709419 -17.363836
304.509018 -17.479297
304.308617 -17.589739
304.108216 -17.695160
303.907816 -17.795561
303.707415 -17.890942
303.507014 -17.981303
303.306613 -18.066644
303.106212 -18.146965
302.905812 -18.222266
302.705411 -18.292547
302.505010 -18.357808
302.304609 -18.418049
302.104208 -18.473269
301.903808 -18.523470
301.703407 -18.568650
301.503006 -18.608811
301.302605 -18.643951
301.102204 -18.674072
300.901804 -18.699172
300.701403 -18.719252
300.501002 -18.734312
300.300601 -18.744352
300.100200 -18.749372
299.899800 -18.749372
299.699399 -18.744352
299.498998 -18.734312
299.298597 -18.719252
299.098196 -18.699172
298.897796 -18.674072
298.697395 -18.643951
298.496994 -18.608811
298.296593 -18.568650
298.096192 -18.523470
297.895792 -18.473269
297.695391 -18.418049
297.494990 -18.357808
297.294589 -18.292547
297.094188 -18.222266
296.893788 -18.146965
296.693387 -18.066644
296.492986 -17.981303
296.292585 -17.890942
296.092184 -17.795561
295.891784 -17.695160
295.691383 -17.589739
295.490982 -17.479297
295.290581 -17.363836
295.090180 -17.243354
294.889780 -17.117853
294.689379 -16.987331
294.488978 -16.851790
294.288577 -16.711228
294.088176 -16.565646
293.887776 -16.415045
293.687375 -16.259423
293.486974 -16.098781
293.286573 -15.933119
293.086172 -15.762437
292.885772 -15.586735
292.685371 -15.406012
292.484970 -15.220270
292.284569 -15.029508
292.084168 -14.833726
291.883768 -14.632923
291.683367 -14.427101
291.482966 -14.216258
291.282565 -14.000396
291.082164 -13.779513
290.881764 -13.553610
290.681363 -13.322687
290.480962 -13.086745
290.280561 -12.845782
290.080160 -12.599799
289.879940 -12.349699
289.680644 -12.099198
289.482351 -11.848697
289.285063 -11.598196
289.088779 -11.347695
288.893498 -11.097194
288.699222 -10.846693
288.505950 -10.596192
288.313681 -10.345691
288.122417 -10.095190
287.932157 -9.844689
287.742901 -9.594188
287.554648 -9.343687
287.367400 -9.093186
287.181156 -8.842685
286.995916 -8.592184
286.811679 -8.341683
286.628447 -8.091182
286.446219 -7.840681
286.264995 -7.590180
286.084775 -7.339679
285.905559 -7.089178
285.727346 -6.838677
285.550138 -6.588176
285.373934 -6.337675
285.198734 -6.087174
285.024538 -5.836673
284.851346 -5.586172
284.679158 -5.335671
284.507974 -5.085170
284.337794 -4.834669
284.168618 -4.584168
284.000446 -4.333667
283.833278 -4.083166
283.667114 -3.832665
283.501954 -3.582164
283.337798 -3.331663
283.174646 -3.081162
283.012498 -2.830661
282.851354 -2.580160
282.691214 -2.329659
282.532078 -2.079158
282.373946 -1.828657
282.216818 -1.578156
282.060695 -1.327655
281.905575 -1.077154
281.751459 -0.826653
281.598347 -0.576152
281.446239 -0.325651
281.295135 -0.075150
281.145036 0.175351
280.995940 0.425852
280.847848 0.676353
280.700760 0.926854
280.554676 1.177355
280.409597 1.427856
280.265521 1.678357
280.122449 1.928858
279.980382 2.179359
279.839318 2.429860
279.699258 2.680361
279.560203 2.930862
279.422151 3.181363
279.285103 3.431864
279.149060 3.682365
279.014020 3.932866
278.879984 4.183367
278.746953 4.433868
278.614925 4.684369
278.483902 4.934870
278.353882 5.185371
278.224867 5.435872
278.096855 5.686373
277.969848 5.936874
277.843844 6.187375
277.718845 6.437876
277.594849 6.688377
277.471858 6.938878
277.349870 7.189379
277.228887 7.439880
277.108907 7.690381
276.989932 7.940882
276.871960 8.191383
276.754993 8.441884
276.639030 8.692385
276.524070 8.942886
276.410115 9.193387
276.297163 9.443888
276.185216 9.694389
276.074273 9.944890
275.964333 10.195391
275.855398 10.445892
275.747467 10.696393
275.640540 10.946894
275.534616 11.197395
275.429697 11.447896
275.325782 11.698397
275.222871 11.948898
275.120963 12.199399
275.020060 12.449900
274.918876 12.701204
274.814760 12.954968
274.707632 13.211242
274.597492 13.470026
274.484339 13.731320
274.368175 13.995125
274.248999 14.261439
274.126811 14.530263
274.001610 14.801597
273.873398 15.075441
273.742174 15.351796
273.607937 15.630660
273.470689 15.912034
273.330428 16.195919
273.187156 16.482313
273.040871 16.771218
272.891575 17.062632
272.739266 17.356557
272.583945 17.652991
272.425613 17.951936
272.264268 18.253391
272.099911 18.557355
271.932542 18.863830
271.762162 19.172815
271.588769 19.484309
271.412364 19.798314
271.232947 20.114829
271.050518 20.433854
270.865077 20.755389
270.676624 21.079433
270.485159 21.405988
270.290682 21.735053
270.093192 22.066628
269.892691 22.400713
269.689178 22.737308
269.482653 23.076413
269.273115 23.418028
269.060566 23.762154
268.845005 24.108789
268.626431 24.457934
268.404846 24.809589
268.180248 25.163754
267.952639 25.520430
267.722017 25.879615
267.488384 26.241310
267.251738 26.605516
267.012080 26.972231
266.769411 27.341456
266.523729 27.713192
266.275035 28.087437
266.023329 28.464193
265.768611 28.843458
265.510881 29.225234
265.250140 29.609520
264.986386 29.996315
264.719620 30.385621
264.449842 30.777437
264.177051 31.171762
263.901249 31.568598
263.622435 31.967944
263.340609 32.369800
263.055771 32.774166
262.767921 33.181041
262.477058 33.590427
262.183184 34.002323
261.886298 34.416729
261.586399 34.833645
261.283489 35.253071
260.977566 35.675007
260.668632 36.099453
260.356685 36.526410
260.041727 36.955876
259.723756 37.387852
259.402773 37.822338
259.078779 38.259334
258.751772 38.698841
258.421753 39.140857
258.088723 39.585383
257.752680 40.032420
257.413625 40.481966
257.071558 40.934022
256.726479 41.388589
256.378388 41.845665
256.027285 42.305252
255.673170 42.767348
255.316043 43.231955
254.955904 43.699071
254.592753 44.168698
254.226589 44.640835
253.857414 45.115481
253.485227 45.592638
253.110028 46.072305
252.731816 46.554482
252.350593 47.039169
251.966358 47.526365
251.579110 48.016072
251.188851 48.508289
250.795579 49.003016
250.399296 49.500253
250.000000 50.000000
